+---------------------+---------+-------------------------------------------+
| Amount of verticles | Density | Average execution of algorithm in seconds |
+---------------------+---------+-------------------------------------------+
|          30         |    10   |                0.003332625                |
|          30         |    20   |                0.003360825                |
|          30         |    30   |           0.0028958250000000003           |
|          30         |    40   |                 0.0034185                 |
|          30         |    50   |                 0.0023902                 |
|          55         |    10   |                0.018781175                |
|          55         |    20   |            0.018770975000000002           |
|          55         |    30   |                0.018940525                |
|          55         |    40   |                 0.01851995                |
|          55         |    50   |                 0.0175653                 |
|         105         |    10   |                0.126037575                |
|         105         |    20   |                 0.1180634                 |
|         105         |    30   |            0.11236950000000001            |
|         105         |    40   |                 0.1149699                 |
|         105         |    50   |                0.116766675                |
|         155         |    10   |            0.36959485000000003            |
|         155         |    20   |                0.357782625                |
|         155         |    30   |                0.373933375                |
|         155         |    40   |                0.375166425                |
|         155         |    50   |                 0.37744085                |
|         195         |    10   |             0.7606664000000001            |
|         195         |    20   |                0.776637225                |
|         195         |    30   |             0.7735801500000001            |
|         195         |    40   |                0.752465375                |
|         195         |    50   |             0.7796256749999999            |
+---------------------+---------+-------------------------------------------+