+--------------------+---------+-------------------------------------------+
| Amount of vertices | Density | Average execution of algorithm in seconds |
+--------------------+---------+-------------------------------------------+
|         30         |    10   |                0.003590375                |
|         30         |    20   |           0.0030443749999999998           |
|         30         |    30   |           0.0031994500000000004           |
|         30         |    40   |                 0.00295505                |
|         30         |    50   |           0.0031835500000000003           |
|         55         |    10   |            0.021660699999999998           |
|         55         |    20   |            0.017131399999999998           |
|         55         |    30   |            0.018982574999999998           |
|         55         |    40   |                0.017921625                |
|         55         |    50   |                 0.01862325                |
|        105         |    10   |                0.137703425                |
|        105         |    20   |            0.12441882500000001            |
|        105         |    30   |                0.119439925                |
|        105         |    40   |                0.118818475                |
|        105         |    50   |            0.12236754999999999            |
|        155         |    10   |            0.40511497500000004            |
|        155         |    20   |                 0.40979265                |
|        155         |    30   |                 0.40158795                |
|        155         |    40   |            0.38974692499999997            |
|        155         |    50   |                0.398790175                |
|        195         |    10   |             0.8239491250000001            |
|        195         |    20   |             0.8006644999999999            |
|        195         |    30   |                0.757614925                |
|        195         |    40   |             0.7444455249999999            |
|        195         |    50   |             0.7536781250000001            |
+--------------------+---------+-------------------------------------------+